$ 1 0.000005 10.20027730826997 50 5 50 5e-11
t 576 240 640 240 0 1 -11.999759987861545 1.2098550132259576e-8 100 default
r 432 240 528 240 0 1000
v 368 320 368 272 0 0 40 0 0 0 0.5
v 720 64 672 64 0 0 40 12 0 0 0.5
g 784 80 784 96 0 0
w 640 64 672 64 0
w 720 64 784 64 0
w 784 80 784 64 0
w 368 272 368 240 0
w 368 240 432 240 0
g 368 336 368 352 0 0
w 368 336 368 320 0
370 640 64 640 112 3 0 0
370 640 288 640 336 3 0 0
g 640 336 640 352 0 0
w 640 288 640 256 0
370 528 240 576 240 3 0 0
p 672 208 672 256 3 0 0 10000000
p 320 272 320 320 3 0 0 10000000
r 640 112 640 192 0 200
w 640 224 640 192 0
p 672 32 736 32 3 0 0 10000000
w 320 272 368 272 0
w 320 320 368 320 0
w 672 32 672 64 0
w 736 32 784 32 0
w 784 32 784 64 0
w 672 256 640 256 0
w 672 208 672 192 0
w 672 192 640 192 0
p 576 240 576 288 3 0 0 10000000
w 576 288 640 288 0
